% # columns="iteration, evaluation, min max(neg(.)) min(pos(.)) max correlation, correlation matrix principle axes lengths  (sorted square roots of eigenvalues of correlation matrix)", seed=917597, Mon May 13 08:32:14 2019
1 10 -0.05326723679708068 -0.0005119337957147117 0.005159558146398647 0.08161884547095086 1 1 1 1 1 1 1 1 1
2 20 -0.1037686598410977 -0.004502281644931319 0.003310237920335776 0.07295320234281767 1 1 1 1 1 1 1 1 1
94 940 -0.7441654474095146 -0.018165231718299896 0.004917029867702661 0.672848712458437 1 1 1 1 1 1 1 1 1
3 30 -0.10102573928962572 -0.0020295542285338553 0.004010952828494008 0.07986926291396643 1 1 1 1 1 1 1 1 1
4 40 -0.10914060142410846 -0.0013339209518688428 0.008184231318711686 0.09390436945770689 1 1 1 1 1 1 1 1 1
5 50 -0.1714006633324356 -0.009257564925105282 0.006434420113105641 0.1389789554165389 1 1 1 1 1 1 1 1 1
95 950 -0.7557462134192245 -0.0037239188624714216 0.012099372599818345 0.6573055565677882 1 1 1 1 1 1 1 1 1
6 60 -0.19515952978444345 -0.005589928627457159 0.004982088940192658 0.2333851265170672 1 1 1 1 1 1 1 1 1
7 70 -0.19280944495549993 -0.012102552388440452 0.0017632942130400237 0.2083806107704531 1 1 1 1 1 1 1 1 1
8 80 -0.2110521666317877 -0.013591317365158964 0.0029424236834988543 0.1954263862113098 1 1 1 1 1 1 1 1 1
96 960 -0.7544931492998972 -0.0003734892252304071 0.012134970938826489 0.6494613968248517 1 1 1 1 1 1 1 1 1
9 90 -0.25468829769223983 -0.001986411105958989 0.0011060157468184189 0.21253689912056692 1 1 1 1 1 1 1 1 1
10 100 -0.3045773419505549 -0.006554820138539074 0.018195940916166768 0.32401090617993 1 1 1 1 1 1 1 1 1
97 970 -0.7586810181704202 -0.031160594907576233 0.0008340500908401299 0.6192322508319822 1 1 1 1 1 1 1 1 1
11 110 -0.33638186254323993 -0.0032747308445704865 0.0018043838979653433 0.34976887400534123 1 1 1 1 1 1 1 1 1
12 120 -0.30380669788996 -0.00042642734718840254 0.002432324530267738 0.36071464471404474 1 1 1 1 1 1 1 1 1
13 130 -0.3323380783881081 -0.004399862070957745 0.016442742548887675 0.3642686752537636 1 1 1 1 1 1 1 1 1
98 980 -0.7685972201260264 -0.015548732086704683 0.015261794593948962 0.6091748601288616 1 1 1 1 1 1 1 1 1
14 140 -0.3214969100561027 -0.004715158927488308 0.002917132478920048 0.37988283962047337 1 1 1 1 1 1 1 1 1
15 150 -0.3530896620851792 -0.015556758283656219 0.00029189889285779173 0.39782804522867854 1 1 1 1 1 1 1 1 1
16 160 -0.3802450082627487 -0.029079155173337434 0.013047394831332956 0.40165850397016245 1 1 1 1 1 1 1 1 1
99 990 -0.7915481745072839 -0.01272745978386433 0.0739396090924716 0.6481576062902061 1 1 1 1 1 1 1 1 1
17 170 -0.3975579620777498 -0.03156570755336917 0.0008092666530672933 0.39072935231838585 1 1 1 1 1 1 1 1 1
18 180 -0.43320787836980795 -0.024240053188427882 0.004952523227578796 0.3723803965772199 1 1 1 1 1 1 1 1 1
100 1000 -0.7842924998116022 -0.02210456885014479 0.004009141437259866 0.6730186269943633 1 1 1 1 1 1 1 1 1
19 190 -0.4459414873299143 -0.014560653239093294 0.046330388635635794 0.3331757154012304 1 1 1 1 1 1 1 1 1
20 200 -0.3883822548697369 -0.012319748209246514 0.009712649273186756 0.34065928054433936 1 1 1 1 1 1 1 1 1
21 210 -0.39461661706297263 -0.004994991861966505 0.0011054163950313836 0.324262698988452 1 1 1 1 1 1 1 1 1
101 1010 -0.7736727159199748 -0.044845140876362516 0.005588774664276873 0.6752281376639251 1 1 1 1 1 1 1 1 1
22 220 -0.378149031594581 -0.029789120791749592 0.005151553771275502 0.37025133790966547 1 1 1 1 1 1 1 1 1
23 230 -0.3667001470803378 -0.04828928899628381 0.0025820935071488027 0.3654187756132921 1 1 1 1 1 1 1 1 1
24 240 -0.36467525351145885 -0.025330210722653245 0.0011778814095470666 0.36094787844590426 1 1 1 1 1 1 1 1 1
102 1020 -0.774694776031232 -0.008236270461017502 0.052839144457900056 0.6786540526573034 1 1 1 1 1 1 1 1 1
25 250 -0.3480833458143303 -0.052217402977866555 0.02605381753832672 0.38461803797819716 1 1 1 1 1 1 1 1 1
26 260 -0.33507911490850845 -0.007345974887216299 0.0038281202162493717 0.4149592658143022 1 1 1 1 1 1 1 1 1
27 270 -0.3318556800404343 -0.03663512579095517 0.014652598219310423 0.46488347437917155 1 1 1 1 1 1 1 1 1
103 1030 -0.7929258983356998 -0.07153498022658815 0.010353568881588145 0.6866444507892009 1 1 1 1 1 1 1 1 1
28 280 -0.3115118181117886 -0.004194537524630714 0.008589677022657366 0.45633791912667215 1 1 1 1 1 1 1 1 1
29 290 -0.3469792138734578 -0.006886293629773865 0.014119204525507108 0.5023406409801024 1 1 1 1 1 1 1 1 1
104 1040 -0.7678872577617013 -0.0041101471466557325 0.047643249333440885 0.687248505123118 1 1 1 1 1 1 1 1 1
30 300 -0.35860828429239944 -0.01470367623669471 0.01959645322954496 0.49174287831181246 1 1 1 1 1 1 1 1 1
31 310 -0.41633201264030584 -0.002754848863888876 0.0148407381908391 0.4988587416945747 1 1 1 1 1 1 1 1 1
32 320 -0.4504814415797996 -0.0029050520240910434 0.013865542971717364 0.5148698303719612 1 1 1 1 1 1 1 1 1
105 1050 -0.7750672493146028 -0.007554657051593625 0.006041329890383355 0.6691427443585207 1 1 1 1 1 1 1 1 1
33 330 -0.4384205082382893 -2.106519060978001e-05 0.020497846411597496 0.5019649189395329 1 1 1 1 1 1 1 1 1
34 340 -0.4571083399037624 -0.0018598754445348334 0.0036209061793676034 0.545884171093367 1 1 1 1 1 1 1 1 1
35 350 -0.5026097001797522 -0.015651039498299355 0.004026418786336199 0.5864750385671846 1 1 1 1 1 1 1 1 1
106 1060 -0.777498147192634 -0.00012978950652360656 0.016747435566558413 0.6672508015321624 1 1 1 1 1 1 1 1 1
36 360 -0.5038084263305115 -0.022909071841182373 0.006338780106649185 0.5885189845961533 1 1 1 1 1 1 1 1 1
37 370 -0.5104228171520016 -0.004634297581321664 0.13489403507923114 0.5822405024247895 1 1 1 1 1 1 1 1 1
107 1070 -0.7560115338857573 -0.009888784482273814 0.01373857937461448 0.6426407087775214 1 1 1 1 1 1 1 1 1
38 380 -0.5071657321662617 -0.02195666517466008 0.013187828596613748 0.5781403049279581 1 1 1 1 1 1 1 1 1
39 390 -0.5345786025881685 -0.03295226257034711 0.003982734445099929 0.5860014702604036 1 1 1 1 1 1 1 1 1
40 400 -0.5381583612134291 -0.02429690005437472 0.01376748264352234 0.592372358803792 1 1 1 1 1 1 1 1 1
108 1080 -0.7539766144544507 -0.009705000959743335 0.023609784387587714 0.6495131624665536 1 1 1 1 1 1 1 1 1
41 410 -0.5393342102763129 -0.00031095068196312903 0.035482451719833406 0.6110409536596304 1 1 1 1 1 1 1 1 1
42 420 -0.5308055435059816 -0.018041759831097195 0.010327865908680987 0.5922244801514049 1 1 1 1 1 1 1 1 1
109 1090 -0.7489032069445208 -0.014555239020049423 0.015136553495721928 0.622006540568704 1 1 1 1 1 1 1 1 1
110 1100 -0.7293371691759485 -0.020654022764577815 0.0048150805340248645 0.5909004917407195 1 1 1 1 1 1 1 1 1
